1781	2	N
4754	-1	VV
7343	3	1
11254	-1	VV
12686	-1	VV
13674	-1	VV
14492	-1	VV
15191	-1	VV
17879	2	N
19316	7	5
20822	2	N
22509	7	5
26325	1	Y
27896	7	5
32152	2	N
34177	6	4
37904	1	Y
39126	7	5
42114	2	N
43506	7	5
46135	-1	VV
47116	-1	VV
47801	1	Y
50255	7	5
54396	1	Y
56197	5	3
59280	1	Y
60637	7	5
63510	2	N
65251	6	4
68539	2	N
70614	5	3
73298	1	Y
74755	7	5
77593	2	N
79504	5	3
82961	-1	VV
83251	2	N
85915	4	2
88803	1	Y
90274	7	5
93283	2	N
95712	5	3
98950	2	N
101858	4	2
105206	1	Y
106557	6	4
109256	2	N
110958	5	3
113726	1	Y
115347	6	4
