244	1	Y
1032	2	N
1791	5	3
3447	1	Y
3806	2	N
4744	6	4
6141	-1	VV
6869	1	Y
7687	6	4
9174	1	Y
10122	5	3
11359	-1	VV
13335	1	Y
14462	6	4
16437	1	Y
17515	7	5
19071	1	Y
20089	6	4
21696	1	Y
22564	5	3
23930	1	Y
24449	2	N
25188	6	4
27233	2	N
27612	1	Y
27931	1	Y
29258	7	5
30935	1	Y
31403	2	N
32132	6	4
33898	1	Y
34786	6	4
35953	-1	VV
36771	2	N
37979	5	3
39984	1	Y
41491	6	4
43227	1	Y
44224	5	3
46120	2	N
47018	6	4
48554	2	N
48954	1	Y
50081	5	3
51548	2	N
52206	1	Y
53144	6	4
55249	2	N
56077	6	4
57529	1	Y
58193	2	N
59041	5	3
