214	1	Y
1082	6	4
2220	-1	VV
2918	-1	VV
4056	1	Y
5612	6	4
7468	1	Y
8695	6	4
10331	1	Y
11479	5	3
13305	1	Y
14362	2	N
15849	1	Y
16837	7	5
18293	-1	PYWR_UNKNOWN
19271	6	4
20448	-1	VV
22164	1	Y
23452	5	3
25686	2	N
26664	4	2
28171	1	Y
29218	6	4
30775	1	Y
31663	6	4
33389	1	Y
34357	7	5
36013	1	Y
37051	7	5
38427	-1	VV
39427	-1	VV
40193	1	Y
42349	5	3
44783	1	Y
45212	2	N
46230	6	4
48056	1	Y
48964	5	3
50809	1	Y
51917	5	3
54421	1	Y
55389	5	3
56955	1	Y
58063	1	Y
59460	2	N
60338	-1	VV
61954	3	1
64119	1	Y
65247	6	4
