5	1	Y
813	2	N
1452	6	4
2798	1	Y
3507	2	N
4465	6	4
5881	2	N
6470	1	Y
7378	7	5
8745	1	Y
9683	7	5
11070	1	Y
11948	6	4
13275	2	N
14103	7	5
15470	1	Y
16358	7	5
17764	2	N
18403	1	Y
19141	6	4
20518	2	N
21356	7	5
22723	1	Y
23282	2	N
24030	1	Y
24998	5	3
26435	1	Y
27003	2	N
27852	4	2
29179	1	Y
30146	3	1
31563	1	Y
32092	2	N
32900	6	4
34277	1	Y
35374	7	5
36771	1	Y
37729	7	5
39076	1	Y
39754	2	N
40503	5	3
41969	1	Y
42628	2	N
43436	6	4
44883	1	Y
45771	3	1
47287	1	Y
48874	2	N
49871	3	1
51358	1	Y
51817	2	N
52795	6	4
