234	1	Y
803	2	N
1531	5	3
3357	2	N
4076	6	4
5572	2	N
6071	1	Y
6849	6	4
8286	1	Y
8885	2	N
9713	7	5
11159	2	N
11958	1	Y
12676	7	5
14103	1	Y
14921	2	N
15869	4	2
17276	1	Y
18164	6	4
19650	1	Y
20578	6	4
21915	2	N
22933	7	5
24300	1	Y
25257	6	4
26644	1	Y
27253	2	N
27991	5	3
29308	1	Y
30665	3	1
32082	1	Y
32800	2	N
33279	1	Y
34237	4	2
36232	1	Y
37100	6	4
38537	1	Y
39615	2	N
40413	5	3
42458	1	Y
43566	4	2
44943	1	Y
45631	2	N
46489	6	4
47966	2	N
48624	1	Y
49782	5	3
51169	2	N
52116	6	4
53463	2	N
54102	1	Y
55070	7	5
