214	1	Y
913	2	N
1631	5	3
3208	2	N
4086	6	4
5542	1	Y
6420	7	5
7857	2	N
8855	3	1
10351	1	Y
11998	5	3
13454	2	N
14013	1	Y
14881	6	4
16437	1	Y
17046	2	N
17924	5	3
19391	2	N
20299	1	Y
21157	7	5
22673	1	Y
23302	2	N
24060	6	4
25577	-1	VV
26654	2	N
28889	3	1
31264	1	Y
32192	6	4
33758	1	Y
34546	2	N
35185	5	3
36681	1	Y
37350	2	N
38178	4	2
39754	1	Y
40213	2	N
41061	6	4
42508	1	Y
44394	3	1
45900	2	N
46828	1	Y
47766	3	1
49413	1	Y
50350	6	4
51817	1	Y
53364	5	3
54890	2	N
55878	6	4
57454	1	Y
57943	2	N
58831	6	4
