224	1	Y
903	2	N
1960	6	4
3477	1	Y
4844	7	5
6320	2	N
7637	3	1
9264	1	Y
10740	5	3
12377	2	N
12876	1	Y
13793	6	4
15340	1	Y
20289	3	1
21765	1	Y
22633	2	N
23521	6	4
25088	1	Y
26195	7	5
27672	1	Y
29059	2	N
29847	4	2
31354	1	Y
32611	7	5
34177	2	N
35764	3	1
37250	1	Y
37859	2	N
38827	6	4
40293	1	Y
41151	7	5
42738	2	N
43237	1	Y
43985	6	4
45871	1	Y
46330	2	N
47138	6	4
48744	1	Y
49682	2	N
50600	4	2
53423	1	Y
54192	6	4
55529	1	Y
56307	2	N
57205	5	3
58771	1	Y
59330	2	N
60238	6	4
61715	2	N
62393	1	Y
63491	7	5
