753	2	N
1601	5	3
3168	2	N
3578	-1	VV
4175	-1	VV
4864	1	Y
6470	5	3
8755	1	Y
9553	6	4
11219	1	Y
11678	2	N
12566	6	4
14402	1	Y
15290	5	3
16747	1	Y
17395	2	N
18283	4	2
20408	2	N
21187	6	4
22683	1	Y
23821	7	5
25627	1	Y
26115	2	N
26993	5	3
29059	2	N
29997	6	4
31583	1	Y
32092	2	N
32561	1	Y
33608	7	5
35175	1	Y
35913	2	N
36981	4	2
38497	1	Y
39495	6	4
41081	1	Y
42019	7	5
43516	1	Y
44095	2	N
44893	4	2
47657	2	N
48604	1	Y
49812	5	3
52066	1	Y
53094	5	3
56057	2	N
56965	4	2
59160	1	Y
59959	6	4
62004	1	Y
62852	7	5
