763	2	N
1086	7	5
2105	1	Y
2988	-1	VV
4395	1	Y
5153	1	Y
5612	1	Y
6001	1	Y
6320	1	Y
6650	1	Y
7443	1	Y
8166	-1	VV
8835	1	Y
11319	1	Y
11894	7	5
18992	2	N
20109	7	5
25671	1	Y
26164	7	5
28290	2	N
28695	7	5
31174	1	Y
31653	7	5
33574	2	N
33997	7	5
35783	1	Y
36262	7	5
37998	1	Y
38477	7	5
40303	1	Y
40802	7	5
42723	1	Y
43179	7	5
44963	1	Y
45402	7	5
47168	1	Y
47617	7	5
49527	1	Y
50031	7	5
52027	2	N
52505	7	5
54890	1	Y
55389	7	5
57674	2	N
58143	7	5
60048	1	Y
60453	7	5
62243	1	Y
62648	7	5
64468	2	N
64937	7	5
